3804 1
-2575 -1.34229
-2574 -1.41724
-2573 -1.02979
-2572 -1.4187
-2571 -1.25073
-2570 -1.35425
-2569 -1.24341
-2568 -1.48315
-2567 -1.36621
-2566 -1.40747
-2565 -1.5
-2564 -1.44067
-2563 -1.1853
-2562 -1.28809
-2561 -1.25391
-2560 -1.38184
-2559 -1.25317
-2558 -1.3772
-2557 -0.962646
-2556 -1.30518
-2555 -1.50464
-2554 -1.13867
-2553 -0.884766
-2552 -1.54419
-2551 -1.25244
-2550 -1.29517
-2549 -1.15454
-2548 -1.78394
-2547 -0.958008
-2546 -1.46851
-2545 -1.16504
-2544 -1.45557
-2543 -1.07812
-2542 -1.33545
-2541 -1.3269
-2540 -1.29517
-2539 -1.4375
-2538 -1.75415
-2537 -1.15894
-2536 -1.39478
-2535 -1.27368
-2534 -1.20288
-2533 -0.946533
-2532 -1.36084
-2531 -1.18091
-2530 -1.22046
-2529 -1.25317
-2528 -1.33472
-2527 -1.11694
-2526 -1.35791
-2525 -1.27832
-2524 -1.22778
-2523 -1.13159
-2522 -1.12354
-2521 -1.16821
-2520 -1.39575
-2519 -1.37817
-2518 -1.06348
-2517 -0.971924
-2516 -1.05273
-2515 -1.19336
-2514 -1
-2513 -1.06177
-2512 -1.12964
-2511 -1.09839
-2510 -1.36621
-2509 -0.986816
-2508 -1.33057
-2507 -1.42993
-2506 -1.33154
-2505 -1.15088
-2504 -1.01489
-2503 -1.00415
-2502 -1.0791
-2501 -0.969727
-2500 -1.37988
-2499 -1.34546
-2498 -1.10596
-2497 -1.729
-2496 -1.25781
-2495 -1.18872
-2494 -1.20288
-2493 -0.864258
-2492 -1.18994
-2491 -0.9729
-2490 -1.34253
-2489 -1.21704
-2488 -1.03394
-2487 -1.82715
-2486 -1.46851
-2485 -0.947998
-2484 -0.975342
-2483 -0.777832
-2482 -1.17725
-2481 -0.820557
-2480 -1.25195
-2479 -1.14478
-2478 -0.906738
-2477 -1.43457
-2476 -1.06836
-2475 -0.947998
-2474 -1.06445
-2473 -0.806641
-2472 -1.08545
-2471 -0.777832
-2470 -1.0354
-2469 -1.01636
-2468 -1.28394
-2467 -1.17749
-2466 -1.23682
-2465 -0.702881
-2464 -0.891113
-2463 -1.02051
-2462 -0.816406
-2461 -0.776123
-2460 -0.921143
-2459 -1.01318
-2458 -1.33887
-2457 -1
-2456 -1.06836
-2455 -0.834961
-2454 -0.811768
-2453 -0.851807
-2452 -0.775391
-2451 -0.811035
-2450 -1.05322
-2449 -0.842041
-2448 -1.21191
-2447 -1.05151
-2446 -1.38428
-2445 -0.5896
-2444 -0.777344
-2443 -0.749023
-2442 -0.882812
-2441 -0.744385
-2440 -0.893799
-2439 -0.694092
-2438 -1.02539
-2437 -1.05151
-2436 -1.49463
-2435 -0.759521
-2434 -0.683105
-2433 -0.60498
-2432 -0.879639
-2431 -0.820557
-2430 -0.970459
-2429 -0.588867
-2428 -0.860107
-2427 -0.906494
-2426 -1.23682
-2425 -0.51416
-2424 -0.871338
-2423 -0.744873
-2422 -0.822754
-2421 -0.744385
-2420 -0.720459
-2419 -0.555908
-2418 -0.779541
-2417 -0.719727
-2416 -1.1001
-2415 -0.523682
-2414 -1.00488
-2413 -0.60498
-2412 -0.711914
-2411 -0.80957
-2410 -0.79126
-2409 -0.424316
-2408 -0.572021
-2407 -0.635498
-2406 -1.01587
-2405 -0.434082
-2404 -0.960449
-2403 -0.662598
-2402 -0.759521
-2401 -0.658691
-2400 -0.944824
-2399 -0.615234
-2398 -0.347412
-2397 -0.476562
-2396 -0.873779
-2395 -0.297119
-2394 -0.604004
-2393 -0.506104
-2392 -0.898682
-2391 -0.604736
-2390 -0.728271
-2389 -0.447266
-2388 -0.411133
-2387 -0.481201
-2386 -0.673584
-2385 -0.712158
-2384 -0.534668
-2383 -0.481445
-2382 -0.519043
-2381 -0.439697
-2380 -0.643799
-2379 -0.407959
-2378 -0.199219
-2377 -0.471924
-2376 -0.636963
-2375 -0.599121
-2374 -0.722656
-2373 -0.316895
-2372 -0.556885
-2371 -0.403076
-2370 -0.643799
-2369 -0.279541
-2368 -0.529541
-2367 -0.532715
-2366 -0.694824
-2365 -0.613281
-2364 -0.732666
-2363 -0.078125
-2362 -0.398682
-2361 -0.374512
-2360 -0.834717
-2359 -0.427734
-2358 -0.237305
-2357 -0.415771
-2356 -0.605225
-2355 -0.575439
-2354 -0.668213
-2353 -0.214111
-2352 -0.452637
-2351 -0.373047
-2350 -0.787354
-2349 -0.549316
-2348 -0.45752
-2347 -0.443848
-2346 -0.247314
-2345 -0.570801
-2344 -0.460449
-2343 -0.168701
-2342 -0.275391
-2341 -0.41748
-2340 -0.704834
-2339 -0.674316
-2338 -0.605957
-2337 -0.644775
-2336 -0.0578613
-2335 -0.674561
-2334 -0.544434
-2333 0.135742
-2332 -0.234131
-2331 -0.288818
-2330 -0.513672
-2329 -0.684326
-2328 -0.860107
-2327 -0.700928
-2326 0.0209961
-2325 -0.481201
-2324 -0.480225
-2323 0.0163574
-2322 -0.151855
-2321 -0.174561
-2320 -0.322754
-2319 -0.509766
-2318 -0.775391
-2317 -0.495361
-2316 -0.431641
-2315 -0.434082
-2314 -0.38623
-2313 -0.045166
-2312 -0.36084
-2311 -0.236572
-2310 -0.4646
-2309 -0.421143
-2308 -0.533936
-2307 -0.439209
-2306 -0.489502
-2305 0.0283203
-2304 -0.222656
-2303 -0.300293
-2302 -0.297363
-2301 0.0507812
-2300 -0.480225
-2299 -0.519775
-2298 -0.665283
-2297 -0.30835
-2296 -0.294678
-2295 -0.032959
-2294 -0.17334
-2293 -0.164551
-2292 -0.449463
-2291 -0.0793457
-2290 -0.33667
-2289 -0.164551
-2288 -0.563477
-2287 -0.425293
-2286 -0.279053
-2285 -0.0942383
-2284 -0.480225
-2283 -0.164551
-2282 -0.145508
-2281 -0.152344
-2280 -0.190918
-2279 -0.108643
-2278 -0.826172
-2277 -0.327148
-2276 -0.247314
-2275 -0.0942383
-2274 -0.376221
-2273 0.065918
-2272 -0.348145
-2271 -0.268311
-2270 -0.059082
-2269 -0.131592
-2268 -0.864502
-2267 -0.126221
-2266 -0.173584
-2265 0.13208
-2264 -0.257324
-2263 -0.214111
-2262 -0.0632324
-2261 -0.214355
-2260 -0.183105
-2259 -0.029541
-2258 -0.788086
-2257 0.0888672
-2256 0.0527344
-2255 0.10376
-2254 -0.188232
-2253 -0.0864258
-2252 0.0380859
-2251 -0.0539551
-2250 -0.100342
-2249 0.00317383
-2248 -0.402588
-2247 0.00463867
-2246 0.010498
-2245 0.306641
-2244 -0.0395508
-2243 -0.111084
-2242 -0.164551
-2241 -0.0285645
-2240 -0.112305
-2239 -0.0131836
-2238 -0.444824
-2237 -0.013916
-2236 -0.121094
-2235 0.302002
-2234 -0.302002
-2233 0.0205078
-2232 -0.288086
-2231 -0.184082
-2230 -0.0905762
-2229 0.157959
-2228 -0.584717
-2227 0.0793457
-2226 0.110596
-2225 0.212158
-2224 -0.32666
-2223 0.263428
-2222 -0.38916
-2221 -0.14917
-2220 -0.157471
-2219 -0.00976562
-2218 -0.436523
-2217 -0.341064
-2216 -0.105225
-2215 0.14624
-2214 -0.168213
-2213 0.300293
-2212 -0.186768
-2211 -0.269775
-2210 -0.269775
-2209 0.00317383
-2208 -0.360107
-2207 -0.397217
-2206 -0.152588
-2205 0.0283203
-2204 -0.17334
-2203 -0.0412598
-2202 0.0473633
-2201 -0.158691
-2200 -0.251953
-2199 0.032959
-2198 -0.305176
-2197 -0.060791
-2196 -0.178955
-2195 -0.0378418
-2194 -0.282227
-2193 0.164551
-2192 0.183594
-2191 -0.293701
-2190 -0.269775
-2189 0.190674
-2188 -0.25415
-2187 -0.0234375
-2186 -0.252686
-2185 0.0849609
-2184 -0.202881
-2183 0.0822754
-2182 0.202637
-2181 0.0112305
-2180 -0.299316
-2179 0.0559082
-2178 -0.0424805
-2177 0.25708
-2176 -0.010498
-2175 0.0800781
-2174 -0.514893
-2173 0.123535
-2172 0.151855
-2171 0.0334473
-2170 -0.293213
-2169 0.111816
-2168 -0.313477
-2167 0.107422
-2166 -0.100098
-2165 -0.0991211
-2164 -0.158447
-2163 -0.0288086
-2162 0.297363
-2161 0.0253906
-2160 -0.379883
-2159 0.161133
-2158 -0.131348
-2157 -0.0654297
-2156 0.0314941
-2155 0.032959
-2154 -0.133545
-2153 0.296387
-2152 0.189941
-2151 -0.0634766
-2150 -0.236328
-2149 0.157959
-2148 0.0466309
-2147 0
-2146 -0.0893555
-2145 0.179199
-2144 0.361328
-2143 0.20166
-2142 0.0441895
-2141 0.130127
-2140 -0.218506
-2139 0.092041
-2138 -0.0212402
-2137 0.0700684
-2136 0
-2135 -0.0895996
-2134 0.232666
-2133 0.0700684
-2132 -0.0759277
-2131 0.158691
-2130 -0.151611
-2129 0.233643
-2128 0.0466309
-2127 0.126221
-2126 0.115723
-2125 -0.169922
-2124 -0.0593262
-2123 0.115234
-2122 -0.224609
-2121 0.374512
-2120 -0.0236816
-2119 0.256592
-2118 0.0888672
-2117 0.154297
-2116 0.00537109
-2115 -0.165039
-2114 -0.168213
-2113 0.534912
-2112 -0.0505371
-2111 0.234863
-2110 -0.0412598
-2109 0.315674
-2108 -0.279541
-2107 0.0935059
-2106 0.194824
-2105 0.032959
-2104 -0.0197754
-2103 0.621338
-2102 0.0949707
-2101 0.334961
-2100 0.106201
-2099 0.263184
-2098 -0.131348
-2097 0.317871
-2096 -0.0788574
-2095 0.547119
-2094 -0.158447
-2093 0.75708
-2092 0.117188
-2091 0.361816
-2090 0.0847168
-2089 0.282959
-2088 -0.0339355
-2087 0.406494
-2086 0.105225
-2085 0.518799
-2084 -0.316895
-2083 0.678955
-2082 0.0253906
-2081 0.425293
-2080 0.263672
-2079 0.092041
-2078 0.00415039
-2077 0.504639
-2076 0.131592
-2075 0.547119
-2074 -0.0939941
-2073 0.695557
-2072 0.0126953
-2071 0.265137
-2070 0.242188
-2069 0.302734
-2068 0.00415039
-2067 0.355225
-2066 0.121094
-2065 0.400879
-2064 -0.128662
-2063 0.39917
-2062 0.297363
-2061 0.293701
-2060 0.360352
-2059 0.444092
-2058 0.0593262
-2057 0.336426
-2056 0.136963
-2055 0.212158
-2054 0.0246582
-2053 0.485596
-2052 0.398682
-2051 0.393555
-2050 0.220459
-2049 0.509766
-2048 0.0634766
-2047 0.443848
-2046 0.199951
-2045 0.0612793
-2044 0.0742188
-2043 0.321045
-2042 0.411377
-2041 0.491943
-2040 0.238281
-2039 0.463867
-2038 0.512695
-2037 0.327148
-2036 0.578857
-2035 0.363281
-2034 0.321777
-2033 0.588379
-2032 0.417725
-2031 0.45874
-2030 0.255859
-2029 0.266357
-2028 0.54248
-2027 0.30835
-2026 0.578857
-2025 0.627441
-2024 -0.0148926
-2023 0.411621
-2022 0.553711
-2021 0.6604
-2020 0.171143
-2019 0.194092
-2018 0.343262
-2017 0.219727
-2016 0.768311
-2015 0.702881
-2014 0.143555
-2013 0.460938
-2012 0.490479
-2011 0.531738
-2010 0.143799
-2009 0.516357
-2008 0.0212402
-2007 0.25708
-2006 0.489502
-2005 0.70752
-2004 0.0939941
-2003 0.415527
-2002 0.591797
-2001 0.514404
-2000 0.124023
-1999 0.292725
-1998 0.355957
-1997 0.107422
-1996 0.300049
-1995 0.51416
-1994 0.514893
-1993 0.501953
-1992 0.344971
-1991 0.437988
-1990 0.108154
-1989 0.631592
-1988 0.419434
-1987 0.0793457
-1986 0.220947
-1985 0.51416
-1984 0.237549
-1983 0.489746
-1982 0.677246
-1981 0.441162
-1980 0.0983887
-1979 0.444092
-1978 0.512695
-1977 0.074707
-1976 0.0683594
-1975 0.98584
-1974 0.425781
-1973 0.683105
-1972 0.721436
-1971 0.341309
-1970 0.181152
-1969 0.532959
-1968 0.296631
-1967 0.200928
-1966 -0.0788574
-1965 0.782959
-1964 0.257324
-1963 0.543213
-1962 0.446289
-1961 0.388916
-1960 0.216553
-1959 0.223633
-1958 0.24585
-1957 0.336426
-1956 -0.0893555
-1955 0.509521
-1954 0.153564
-1953 0.543213
-1952 0.341797
-1951 0.453857
-1950 0.155518
-1949 0.358643
-1948 -0.0253906
-1947 0.285156
-1946 0.189453
-1945 0.434082
-1944 0.584229
-1943 0.230469
-1942 0.452637
-1941 0.517578
-1940 0.230225
-1939 0.391357
-1938 -0.139893
-1937 0.229004
-1936 0.399902
-1935 0.22168
-1934 0.208008
-1933 0.469238
-1932 0.408203
-1931 0.468262
-1930 0.0925293
-1929 0.631592
-1928 -0.199219
-1927 0.415771
-1926 0.121094
-1925 0.48584
-1924 0.0246582
-1923 0.489746
-1922 0.417725
-1921 0.493652
-1920 0.0668945
-1919 0.483643
-1918 0.233154
-1917 0.364502
-1916 -0.289551
-1915 0.20752
-1914 0.33667
-1913 0.753174
-1912 0.351318
-1911 0.449219
-1910 0.0512695
-1909 0.759766
-1908 0.266846
-1907 0.238281
-1906 0
-1905 0.39624
-1904 0.524658
-1903 0.613281
-1902 0.316406
-1901 0.487305
-1900 0.226318
-1899 0.414551
-1898 0.470459
-1897 0.312988
-1896 0.35791
-1895 0.594238
-1894 0.222656
-1893 0.625488
-1892 0.563232
-1891 0.484131
-1890 0.596436
-1889 0.513184
-1888 0.334717
-1887 0.266357
-1886 0.584229
-1885 0.773682
-1884 0.108887
-1883 0.477295
-1882 0.553711
-1881 0.600098
-1880 0.590576
-1879 0.375
-1878 0.355957
-1877 0.32251
-1876 0.410645
-1875 0.85376
-1874 0.0395508
-1873 0.477295
-1872 0.512695
-1871 0.658691
-1870 0.67334
-1869 0.539551
-1868 0.20752
-1867 0.458008
-1866 0.57373
-1865 0.717041
-1864 0.495117
-1863 0.498047
-1862 0.61084
-1861 0.69043
-1860 0.610352
-1859 0.592041
-1858 0.364502
-1857 0.443848
-1856 0.763184
-1855 0.688721
-1854 0.5
-1853 0.716064
-1852 1.00952
-1851 0.544434
-1850 0.592529
-1849 0.602051
-1848 0.572021
-1847 0.546631
-1846 0.552734
-1845 0.754639
-1844 0.722656
-1843 0.530762
-1842 1.01904
-1841 0.673096
-1840 0.511719
-1839 0.569092
-1838 0.72876
-1837 0.607422
-1836 0.594727
-1835 0.797119
-1834 0.787109
-1833 0.633789
-1832 0.572754
-1831 0.855469
-1830 0.598389
-1829 0.75
-1828 0.525391
-1827 0.621582
-1826 0.673584
-1825 0.797119
-1824 0.975342
-1823 0.699707
-1822 0.588623
-1821 0.890381
-1820 0.580811
-1819 0.532959
-1818 0.529541
-1817 0.747559
-1816 0.831543
-1815 0.481201
-1814 0.618896
-1813 0.740723
-1812 0.635986
-1811 0.718994
-1810 0.442871
-1809 0.802734
-1808 0.258545
-1807 0.878418
-1806 0.894775
-1805 0.537842
-1804 0.38623
-1803 0.485596
-1802 0.588623
-1801 0.820557
-1800 0.338623
-1799 0.407959
-1798 0.322021
-1797 1.04199
-1796 0.810547
-1795 0.636719
-1794 0.475342
-1793 0.765381
-1792 0.56958
-1791 0.739746
-1790 0.381836
-1789 0.638184
-1788 0.300781
-1787 0.948486
-1786 0.378906
-1785 0.740479
-1784 0.648438
-1783 0.629639
-1782 0.629639
-1781 0.692139
-1780 0.466553
-1779 0.496826
-1778 0.288086
-1777 0.864502
-1776 0.289551
-1775 0.580078
-1774 0.915771
-1773 0.695557
-1772 0.635986
-1771 0.619141
-1770 0.608154
-1769 0.536133
-1768 0.394043
-1767 0.5
-1766 0.0947266
-1765 0.599121
-1764 0.504883
-1763 0.950684
-1762 0.825928
-1761 0.508057
-1760 0.598389
-1759 0.526367
-1758 0.580566
-1757 0.644775
-1756 0.494629
-1755 0.613281
-1754 0.420898
-1753 0.880615
-1752 0.658203
-1751 0.63501
-1750 0.679199
-1749 0.496826
-1748 0.618652
-1747 0.812988
-1746 0.694824
-1745 0.73584
-1744 0.470215
-1743 0.773682
-1742 0.642334
-1741 0.80957
-1740 0.614258
-1739 0.496826
-1738 0.47876
-1737 0.855225
-1736 0.757812
-1735 0.70752
-1734 0.331787
-1733 0.736572
-1732 0.474609
-1731 0.695312
-1730 0.55127
-1729 0.664551
-1728 0.313477
-1727 0.827148
-1726 0.668457
-1725 0.919922
-1724 0.420898
-1723 0.427979
-1722 0.737305
-1721 0.718994
-1720 0.669189
-1719 0.549316
-1718 0.322021
-1717 0.803711
-1716 0.531494
-1715 0.990479
-1714 0.391113
-1713 0.740723
-1712 0.730957
-1711 0.866699
-1710 0.757812
-1709 0.733643
-1708 0.406738
-1707 0.915771
-1706 0.220947
-1705 0.815918
-1704 0.5
-1703 0.678955
-1702 1.05054
-1701 0.946045
-1700 0.679199
-1699 0.638184
-1698 0.508545
-1697 0.883057
-1696 0.5
-1695 0.561279
-1694 0.67334
-1693 1
-1692 0.838623
-1691 0.841309
-1690 0.629883
-1689 0.786133
-1688 0.377197
-1687 0.69165
-1686 0.689453
-1685 0.64624
-1684 0.291992
-1683 0.75708
-1682 0.825928
-1681 0.806396
-1680 0.511719
-1679 0.878174
-1678 0.588867
-1677 0.785156
-1676 0.910645
-1675 0.86792
-1674 0.48999
-1673 0.8396
-1672 0.705811
-1671 0.890381
-1670 0.5
-1669 1.06909
-1668 0.610107
-1667 0.640137
-1666 0.989502
-1665 1.21704
-1664 0.247559
-1663 0.794189
-1662 0.705811
-1661 0.922119
-1660 0.734131
-1659 1.00317
-1658 0.220459
-1657 0.766357
-1656 0.968506
-1655 1.12256
-1654 0.232666
-1653 1.27563
-1652 1.0918
-1651 1.01904
-1650 0.980225
-1649 0.881592
-1648 0.415283
-1647 0.803711
-1646 1.00537
-1645 1.02368
-1644 0.257324
-1643 1.18115
-1642 1.16455
-1641 0.922119
-1640 0.903564
-1639 0.868408
-1638 0.627197
-1637 0.915771
-1636 0.78418
-1635 0.72168
-1634 0.727783
-1633 1.30444
-1632 0.920898
-1631 1.0144
-1630 0.744141
-1629 0.865234
-1628 0.483154
-1627 0.878418
-1626 0.694824
-1625 1
-1624 0.935547
-1623 0.929932
-1622 0.655029
-1621 0.944336
-1620 0.765869
-1619 0.740234
-1618 0.644043
-1617 1.04199
-1616 0.78418
-1615 0.919922
-1614 0.791992
-1613 1.09058
-1612 0.788086
-1611 0.955566
-1610 0.718506
-1609 0.786133
-1608 0.906738
-1607 0.892578
-1606 0.726318
-1605 0.981201
-1604 0.465332
-1603 0.975342
-1602 0.844971
-1601 0.91748
-1600 0.702637
-1599 0.822266
-1598 1.06348
-1597 0.901855
-1596 0.842041
-1595 0.712158
-1594 0.415771
-1593 1.32104
-1592 1.0791
-1591 0.968262
-1590 0.732178
-1589 0.914551
-1588 1.19067
-1587 0.892578
-1586 0.568359
-1585 0.877441
-1584 0.564453
-1583 1.10278
-1582 1.00635
-1581 0.987305
-1580 0.897705
-1579 0.703857
-1578 1.20752
-1577 1.04199
-1576 0.463135
-1575 0.915039
-1574 0.98999
-1573 1.09473
-1572 1.10449
-1571 0.887207
-1570 0.860352
-1569 1.04614
-1568 0.855957
-1567 0.869141
-1566 0.78418
-1565 1.302
-1564 1.17822
-1563 1.02466
-1562 1.31641
-1561 0.990479
-1560 0.618164
-1559 0.684326
-1558 1.02124
-1557 0.612061
-1556 0.821045
-1555 0.9104
-1554 1.07422
-1553 1.51855
-1552 1.20264
-1551 1.09375
-1550 0.700684
-1549 0.8125
-1548 0.699219
-1547 0.5
-1546 1.07886
-1545 1.17456
-1544 1.18823
-1543 1.29639
-1542 1.02539
-1541 1.12061
-1540 0.69873
-1539 0.805908
-1538 0.923828
-1537 0.687012
-1536 1.08936
-1535 1.06128
-1534 1.01489
-1533 1.39917
-1532 1.06641
-1531 1.05078
-1530 0.625977
-1529 0.868408
-1528 0.834717
-1527 0.864502
-1526 0.873779
-1525 1.03296
-1524 0.732666
-1523 1.07007
-1522 1.06641
-1521 1.04126
-1520 0.618164
-1519 1.00659
-1518 0.673828
-1517 1.01392
-1516 0.800049
-1515 0.943359
-1514 0.475342
-1513 1.1604
-1512 1.27222
-1511 1.08423
-1510 0.811035
-1509 1.14478
-1508 0.737305
-1507 0.962646
-1506 0.826416
-1505 0.995361
-1504 0.618896
-1503 0.868408
-1502 1
-1501 1.08423
-1500 0.822754
-1499 1.08228
-1498 0.961914
-1497 1.15894
-1496 0.773682
-1495 1.20752
-1494 0.742676
-1493 1.07812
-1492 0.987305
-1491 1.07471
-1490 0.842529
-1489 1.03296
-1488 0.95752
-1487 0.901855
-1486 0.779053
-1485 1.46216
-1484 0.960449
-1483 0.942383
-1482 1.20264
-1481 1.15552
-1480 0.846436
-1479 1.05933
-1478 0.809326
-1477 0.986084
-1476 0.873779
-1475 1.33008
-1474 1.02466
-1473 1.45264
-1472 1.11084
-1471 1.12378
-1470 0.891846
-1469 1.23022
-1468 0.716064
-1467 0.836426
-1466 0.85791
-1465 1.31592
-1464 0.851562
-1463 1.27979
-1462 1.26904
-1461 1.14917
-1460 1.12402
-1459 1.13477
-1458 0.966064
-1457 1.24292
-1456 0.826416
-1455 0.990479
-1454 0.806885
-1453 1.36206
-1452 1.31958
-1451 1.15405
-1450 1.03931
-1449 1.14795
-1448 1.05518
-1447 1.04199
-1446 0.947266
-1445 0.9104
-1444 0.782227
-1443 1.21802
-1442 1.2373
-1441 1.30151
-1440 0.986328
-1439 0.963867
-1438 1.07617
-1437 1.27563
-1436 0.884277
-1435 1.12256
-1434 0.925781
-1433 1.3252
-1432 1.1709
-1431 1.21899
-1430 1.00586
-1429 1.16455
-1428 0.838867
-1427 1.28516
-1426 1.04199
-1425 1.3916
-1424 1.23267
-1423 0.954834
-1422 1.27539
-1421 1.22705
-1420 0.988281
-1419 1.25317
-1418 0.949219
-1417 1.14478
-1416 1.23169
-1415 1.32544
-1414 1.29199
-1413 1.12354
-1412 1.28174
-1411 1.32056
-1410 1.25
-1409 1.34863
-1408 1.0127
-1407 1.0188
-1406 1.31055
-1405 1.05664
-1404 1.40601
-1403 1.25098
-1402 1.39868
-1401 1.30957
-1400 1.10229
-1399 1.02295
-1398 1.3728
-1397 1.10278
-1396 1.19482
-1395 1.1604
-1394 1.302
-1393 1.41162
-1392 1.44629
-1391 1.33643
-1390 1.15552
-1389 1.32227
-1388 1.44067
-1387 1.20557
-1386 1.19482
-1385 0.938721
-1384 1.01978
-1383 1.51855
-1382 1.30054
-1381 1.32544
-1380 1.19482
-1379 1.07886
-1378 1.28809
-1377 1.14941
-1376 1.15796
-1375 0.702881
-1374 0.811768
-1373 1.6543
-1372 1.07593
-1371 1.3269
-1370 1.05518
-1369 1.375
-1368 1.09741
-1367 1.0188
-1366 1.09473
-1365 0.650879
-1364 0.925781
-1363 1.62549
-1362 1.25952
-1361 1.36353
-1360 0.862305
-1359 1.36523
-1358 1.08057
-1357 1.10742
-1356 1.18945
-1355 0.863281
-1354 1.00488
-1353 1.66675
-1352 1.19629
-1351 1.19531
-1350 0.850342
-1349 1.30273
-1348 1.05518
-1347 0.958008
-1346 1.27905
-1345 1.198
-1344 0.88623
-1343 1.42798
-1342 1.39233
-1341 1.27295
-1340 0.938965
-1339 1.06567
-1338 1.16528
-1337 1.17285
-1336 1.22095
-1335 1.21704
-1334 0.539551
-1333 1.44434
-1332 1.21826
-1331 1.21118
-1330 1.11426
-1329 1.09863
-1328 1.03394
-1327 1.00464
-1326 0.973633
-1325 1.2688
-1324 0.208008
-1323 1.17285
-1322 1.29126
-1321 1.06201
-1320 0.901611
-1319 0.983643
-1318 0.809326
-1317 1.06543
-1316 0.910645
-1315 1.12256
-1314 0.435547
-1313 1.43628
-1312 1.35767
-1311 0.987305
-1310 0.9646
-1309 0.973633
-1308 0.533936
-1307 0.943848
-1306 1.05273
-1305 1.33008
-1304 0.524658
-1303 1.19751
-1302 1.39868
-1301 1.10327
-1300 0.793213
-1299 0.802734
-1298 0.720459
-1297 1.1543
-1296 1.01587
-1295 1.31128
-1294 0.400879
-1293 1.37036
-1292 1.37354
-1291 0.9729
-1290 0.781494
-1289 0.871826
-1288 0.682129
-1287 1.02344
-1286 0.921143
-1285 1.39624
-1284 0.668213
-1283 1.58447
-1282 1.2373
-1281 1.14917
-1280 0.755859
-1279 0.786133
-1278 0.894043
-1277 1.07471
-1276 0.994629
-1275 1.46216
-1274 0.678223
-1273 1.48975
-1272 1.22461
-1271 1.22534
-1270 0.87207
-1269 1.06909
-1268 0.74585
-1267 1.05615
-1266 1.08936
-1265 1.4104
-1264 0.747559
-1263 0.967041
-1262 1.3291
-1261 1.33325
-1260 0.940918
-1259 1.13818
-1258 0.889893
-1257 1.11694
-1256 1.05786
-1255 1.58496
-1254 0.831787
-1253 1.41553
-1252 1.45874
-1251 1.5144
-1250 0.905518
-1249 1.37817
-1248 1.08472
-1247 1.48608
-1246 1.08936
-1245 1.698
-1244 1.1189
-1243 1.12354
-1242 1.71191
-1241 1.43481
-1240 1.16333
-1239 1.29272
-1238 1.00854
-1237 1.68701
-1236 0.905273
-1235 1.49536
-1234 1.30688
-1233 1.5144
-1232 1.62036
-1231 1.26196
-1230 1.1377
-1229 1.51636
-1228 0.779541
-1227 1.6543
-1226 1.25781
-1225 1.28784
-1224 1.09912
-1223 1.12769
-1222 1.62354
-1221 1.27148
-1220 1.3938
-1219 1.42773
-1218 1.07617
-1217 1.54199
-1216 1.26318
-1215 1.45752
-1214 1.16333
-1213 1.52271
-1212 1.60767
-1211 1.28418
-1210 1.12793
-1209 1.37183
-1208 1.27539
-1207 1.41113
-1206 1.34204
-1205 1.48584
-1204 1.27734
-1203 1.61328
-1202 1.64233
-1201 1.48242
-1200 1.17725
-1199 1.36841
-1198 1.33472
-1197 1.25244
-1196 1.30005
-1195 1.43408
-1194 1.5
-1193 1.60913
-1192 1.39868
-1191 1.24927
-1190 1.21851
-1189 1.49023
-1188 1.00415
-1187 1.26172
-1186 0.915771
-1185 1.28296
-1184 1.46533
-1183 1.354
-1182 1.60132
-1181 1.43018
-1180 1.39575
-1179 1.52637
-1178 1.02124
-1177 1.28516
-1176 1.15796
-1175 1.28784
-1174 1.15356
-1173 1.60913
-1172 1.63281
-1171 1.48242
-1170 1.37793
-1169 1.55273
-1168 1.08472
-1167 1.37842
-1166 1.31567
-1165 1.552
-1164 1.22778
-1163 1.41162
-1162 1.71826
-1161 1.56519
-1160 1.26172
-1159 1.35205
-1158 1.36011
-1157 1.44385
-1156 1.21045
-1155 1.45288
-1154 1.24268
-1153 1.73242
-1152 1.72461
-1151 1.50171
-1150 1.45483
-1149 1.67432
-1148 0.99585
-1147 1.44385
-1146 1.08936
-1145 1.90088
-1144 1.31689
-1143 1.76538
-1142 1.62036
-1141 1.45557
-1140 1.57886
-1139 1.375
-1138 1.17383
-1137 1.52344
-1136 1.42627
-1135 1.74536
-1134 1.198
-1133 1.97949
-1132 1.54736
-1131 1.64282
-1130 1.67725
-1129 1.47046
-1128 1.40674
-1127 1.23364
-1126 1.43677
-1125 1.74536
-1124 1.42578
-1123 1.75708
-1122 1.75635
-1121 1.73022
-1120 1.52173
-1119 1.27295
-1118 1.3645
-1117 1.54199
-1116 1.08936
-1115 1.8208
-1114 1.396
-1113 1.97949
-1112 1.87964
-1111 1.6604
-1110 1.49805
-1109 1.33887
-1108 1.11865
-1107 1.52808
-1106 1.33691
-1105 1.66992
-1104 1.45557
-1103 1.59253
-1102 1.90503
-1101 1.66357
-1100 1.59058
-1099 1.44727
-1098 1.25
-1097 1.64478
-1096 1.68945
-1095 2.0708
-1094 1.44067
-1093 2.04932
-1092 1.91772
-1091 1.67139
-1090 1.68701
-1089 1.56909
-1088 1.27954
-1087 1.61694
-1086 1.92114
-1085 2.0708
-1084 1.20288
-1083 1.71191
-1082 1.72461
-1081 1.84448
-1080 1.76172
-1079 1.41455
-1078 1.72046
-1077 1.91113
-1076 2.03149
-1075 2.37744
-1074 1.58911
-1073 2
-1072 1.78809
-1071 1.88892
-1070 1.79126
-1069 1.45728
-1068 1.54663
-1067 1.71021
-1066 1.70532
-1065 2.02368
-1064 1.47021
-1063 1.75317
-1062 1.84497
-1061 1.72534
-1060 1.63184
-1059 1.5625
-1058 1.59741
-1057 1.86914
-1056 1.64209
-1055 2.06128
-1054 1.70288
-1053 1.98755
-1052 1.82593
-1051 1.72388
-1050 1.68701
-1049 1.82568
-1048 1.77124
-1047 1.85522
-1046 1.85254
-1045 2.06592
-1044 1.90601
-1043 1.58447
-1042 1.62354
-1041 1.7334
-1040 1.62598
-1039 1.56909
-1038 1.98315
-1037 1.95801
-1036 1.87891
-1035 2.33008
-1034 1.93555
-1033 2.0083
-1032 1.61084
-1031 1.66821
-1030 1.64966
-1029 1.69409
-1028 1.58057
-1027 2.18213
-1026 1.90527
-1025 2.11792
-1024 2.03467
-1023 1.74902
-1022 1.71509
-1021 1.77612
-1020 1.44092
-1019 1.65796
-1018 1.6355
-1017 2.03271
-1016 1.60522
-1015 1.99048
-1014 1.64355
-1013 2.04517
-1012 1.87964
-1011 1.71753
-1010 1.46851
-1009 1.98022
-1008 1.74146
-1007 1.70557
-1006 1.33691
-1005 1.75952
-1004 1.78223
-1003 1.96289
-1002 1.91455
-1001 1.78735
-1000 1.58472
-999 1.97363
-998 1.54663
-997 1.58423
-996 1.021
-995 1.75952
-994 1.97021
-993 1.98364
-992 1.87354
-991 1.84766
-990 1.49023
-989 2.00659
-988 1.6228
-987 1.6355
-986 1.53149
-985 1.97632
-984 1.88623
-983 1.59253
-982 1.83862
-981 1.87939
-980 1.54517
-979 1.69067
-978 1.46191
-977 1.59814
-976 1.71045
-975 1.91504
-974 1.57422
-973 1.90112
-972 1.78174
-971 1.81738
-970 1.55322
-969 1.82568
-968 1.50854
-967 2.05615
-966 1.55786
-965 2.04712
-964 1.35156
-963 1.79419
-962 1.74683
-961 1.78564
-960 1.6377
-959 1.64478
-958 1.71606
-957 2.10742
-956 1.44727
-955 1.6416
-954 1.55933
-953 1.91772
-952 2.05371
-951 1.63647
-950 1.64966
-949 1.69067
-948 1.85181
-947 1.92993
-946 1.28418
-945 1.83496
-944 1.44556
-943 2.07007
-942 1.94946
-941 1.7207
-940 1.64966
-939 1.63159
-938 1.6355
-937 1.80835
-936 1.08936
-935 1.70288
-934 1.604
-933 2.11523
-932 1.93042
-931 1.92383
-930 1.52563
-929 1.78296
-928 1.5
-927 1.74292
-926 1.26318
-925 1.6416
-924 1.63354
-923 2.07007
-922 1.9082
-921 1.90796
-920 1.59839
-919 1.91113
-918 1.81787
-917 1.96265
-916 1.67358
-915 1.58496
-914 1.67334
-913 2.10693
-912 1.97778
-911 1.74927
-910 1.68896
-909 1.82886
-908 1.61865
-907 1.97192
-906 1.69482
-905 1.76416
-904 1.5791
-903 1.79004
-902 2.06323
-901 1.78247
-900 1.6792
-899 1.71704
-898 1.67798
-897 2.31787
-896 1.63159
-895 2.03784
-894 1.698
-893 1.95068
-892 1.89868
-891 1.84766
-890 1.90552
-889 1.84863
-888 1.83472
-887 1.71021
-886 1.86841
-885 2
-884 1.77222
-883 1.91357
-882 1.97144
-881 1.9729
-880 1.90356
-879 1.8125
-878 1.97461
-877 1.67285
-876 1.56836
-875 2.18872
-874 1.90601
-873 2.11523
-872 2.02539
-871 1.8396
-870 1.90161
-869 2.15796
-868 1.54248
-867 1.66821
-866 1.3894
-865 2.20288
-864 1.58423
-863 2.07812
-862 2.1709
-861 1.91748
-860 1.96265
-859 2.00659
-858 1.83887
-857 1.61694
-856 1.81055
-855 1.9292
-854 1.90601
-853 2.15649
-852 2.17725
-851 2.03174
-850 1.94092
-849 2.14478
-848 1.74585
-847 1.71973
-846 1.84204
-845 2.1604
-844 1.8811
-843 2.1853
-842 2.09814
-841 2.04297
-840 1.65942
-839 2.07568
-838 1.84741
-837 1.79443
-836 1.93164
-835 2.20288
-834 1.96045
-833 2.26758
-832 1.96509
-831 1.98096
-830 1.59839
-829 2.28955
-828 1.73315
-827 2.00464
-826 1.75781
-825 2.49048
-824 1.94556
-823 1.92603
-822 1.94629
-821 2.10156
-820 1.78149
-819 2.24683
-818 1.76685
-817 1.78027
-816 1.74219
-815 2.54248
-814 1.896
-813 2.12354
-812 2.09814
-811 1.99048
-810 1.72046
-809 2.25659
-808 1.77124
-807 1.6543
-806 1.67896
-805 2.39624
-804 1.78711
-803 2.1687
-802 2.31323
-801 2.10962
-800 1.58667
-799 2.24683
-798 2.21606
-797 1.45801
-796 1.93164
-795 2.0708
-794 1.92578
-793 2.19336
-792 2.21191
-791 2.03345
-790 1.75195
-789 2.45728
-788 2.1355
-787 1.57471
-786 2.14746
-785 2.03296
-784 2
-783 1.823
-782 2.35449
-781 2.14136
-780 1.95068
-779 2.20068
-778 2.01685
-777 2.21021
-776 2.03687
-775 1.80664
-774 1.95044
-773 2.01636
-772 2.24365
-771 2.30322
-770 1.81494
-769 2.32886
-768 2.17383
-767 2.17285
-766 1.90527
-765 2.06128
-764 2.04443
-763 1.65015
-762 2.42407
-761 2.56201
-760 1.88965
-759 2.31567
-758 2.18652
-757 1.9812
-756 2.07373
-755 1.74048
-754 2.10889
-753 2.09888
-752 2.24365
-751 2.49512
-750 1.92725
-749 2.15796
-748 2.02124
-747 1.82251
-746 2.1001
-745 1.88208
-744 1.99512
-743 2.12354
-742 2.41138
-741 2.37769
-740 1.95068
-739 2.06567
-738 1.98315
-737 2.05151
-736 2.13159
-735 2.18872
-734 1.77734
-733 2.52686
-732 2.3418
-731 2.37622
-730 1.84644
-729 2.12817
-728 2.32617
-727 1.94849
-726 2.23682
-725 2.24536
-724 2.14844
-723 2.72437
-722 2.47778
-721 2.50317
-720 1.97241
-719 2.08887
-718 2.19482
-717 1.99072
-716 2.18945
-715 2.28296
-714 1.85156
-713 2.78589
-712 2.36719
-711 2.31104
-710 1.85815
-709 2.20068
-708 1.82617
-707 1.75708
-706 2.1001
-705 2.42456
-704 2.33179
-703 2.48975
-702 2.44946
-701 2.38721
-700 1.96265
-699 2.37817
-698 2.07202
-697 1.96265
-696 2.20532
-695 2.68872
-694 2.18311
-693 2.88477
-692 2.40186
-691 2.38403
-690 2.17725
-689 2.52954
-688 2.14819
-687 2.33643
-686 2.30005
-685 2.5896
-684 2.20801
-683 2.62549
-682 2.43994
-681 2.43799
-680 2.29126
-679 2.27637
-678 2.24146
-677 2.62158
-676 2.21582
-675 2.66992
-674 2.10889
-673 2.58838
-672 2.27222
-671 2.5127
-670 2.38965
-669 2.23364
-668 2.25415
-667 2.37842
-666 2.22632
-665 2.58496
-664 2.25732
-663 2.72437
-662 2.36401
-661 2.36987
-660 2.25391
-659 2.06567
-658 2.23315
-657 2.25244
-656 2.46313
-655 2.8208
-654 2.13354
-653 2.86011
-652 2.27222
-651 2.34131
-650 2.23218
-649 2.17432
-648 2.34741
-647 2.271
-646 2.42114
-645 2.83496
-644 1.80688
-643 2.74902
-642 2.57593
-641 2.37939
-640 2.36426
-639 2.30273
-638 2.36865
-637 2.35522
-636 2.31567
-635 2.66504
-634 2.09399
-633 2.70361
-632 2.49683
-631 2.43481
-630 2.43115
-629 2.35205
-628 2.38135
-627 2.33179
-626 2.36841
-625 2.97168
-624 2.32178
-623 2.44434
-622 2.3291
-621 2.46973
-620 2.31299
-619 2.16772
-618 2.32617
-617 2.21973
-616 2.32104
-615 2.85376
-614 2.30688
-613 2.61328
-612 2.02539
-611 2.30786
-610 2.19482
-609 2.125
-608 2.16943
-607 2.28516
-606 2.21582
-605 2.75
-604 2.31689
-603 2.45679
-602 2.13599
-601 2.37451
-600 2.05908
-599 2.19727
-598 2.17798
-597 2.20557
-596 2.15259
-595 2.38672
-594 2.37134
-593 2.41162
-592 2.19629
-591 2.31592
-590 1.98633
-589 2.27637
-588 2.05518
-587 2.09351
-586 1.94214
-585 2.28296
-584 2.16821
-583 2.29639
-582 2.31006
-581 2.17456
-580 2.09058
-579 2.08228
-578 2.33887
-577 2.09814
-576 1.96851
-575 2.16992
-574 2.16333
-573 2.58838
-572 2.32593
-571 2.02539
-570 1.94482
-569 2.31567
-568 2.2373
-567 2.26636
-566 2.03149
-565 2.06592
-564 1.9209
-563 2.60913
-562 2.0791
-561 2.06665
-560 1.77173
-559 2.32227
-558 2.01685
-557 2.13086
-556 1.87891
-555 1.76416
-554 2.05444
-553 2.48975
-552 2.22461
-551 2.21899
-550 1.97046
-549 2.29932
-548 2
-547 2
-546 1.95801
-545 1.91504
-544 2.0791
-543 2.28394
-542 2.24683
-541 2.21582
-540 1.87012
-539 2.31909
-538 2.16528
-537 2.08423
-536 2.04199
-535 2.06592
-534 2.14844
-533 2.42383
-532 2.04126
-531 2.1333
-530 1.84253
-529 2.30933
-528 1.92798
-527 2.19165
-526 2.26831
-525 2.0708
-524 2.05444
-523 2.44849
-522 2.35132
-521 2.16992
-520 1.89966
-519 2.21045
-518 1.97876
-517 2.24756
-516 2.08423
-515 2.03784
-514 1.65845
-513 2.57617
-512 2.33545
-511 2.18579
-510 1.91333
-509 2.28296
-508 1.7373
-507 2.47192
-506 1.73169
-505 2.15088
-504 1.47021
-503 2.54736
-502 2.37354
-501 2.12061
-500 2.02759
-499 2.04932
-498 1.90259
-497 2.39258
-496 1.95264
-495 1.948
-494 1.28223
-493 2.6626
-492 2.31641
-491 2.18091
-490 1.93896
-489 1.99341
-488 1.94482
-487 2.33179
-486 1.80005
-485 2.37744
-484 1.82178
-483 2.5144
-482 2.35767
-481 2.34131
-480 1.95068
-479 2.20068
-478 1.90674
-477 2.71484
-476 1.93164
-475 2.31592
-474 1.84155
-473 2.57617
-472 2.39551
-471 2.46021
-470 1.93115
-469 2.05273
-468 1.76685
-467 2.53735
-466 1.93164
-465 2.59912
-464 1.98022
-463 2.30859
-462 2.63599
-461 2.50952
-460 1.97046
-459 1.73682
-458 1.80518
-457 2.55615
-456 1.93677
-455 2.50464
-454 2.04443
-453 2.50195
-452 2.71509
-451 2.33643
-450 2.19287
-449 1.98364
-448 1.90259
-447 2.21021
-446 2.13159
-445 2.53296
-444 2.19312
-443 2.41162
-442 2.64551
-441 2.45703
-440 2.17114
-439 2.05591
-438 2.3772
-437 2.3645
-436 2
-435 2.58008
-434 2.11377
-433 2.47729
-432 2.56006
-431 2.60156
-430 2.12988
-429 2.39478
-428 2.36011
-427 2.10278
-426 2.11572
-425 2.62256
-424 2.21289
-423 2.39917
-422 2.58862
-421 2.73657
-420 2.00586
-419 2.21045
-418 2.46191
-417 2.54663
-416 2.1106
-415 2.39624
-414 2.36133
-413 2.52271
-412 2.59814
-411 2.69214
-410 2.15356
-409 2.59863
-408 2.30078
-407 2.39722
-406 2.22632
-405 2.42456
-404 2.22266
-403 2.42798
-402 2.64868
-401 2.47144
-400 2.20264
-399 2.45386
-398 2.25415
-397 2.96729
-396 2.18945
-395 2.5188
-394 2.27222
-393 2.57617
-392 2.5127
-391 2.58569
-390 2.24805
-389 2.74023
-388 2.27954
-387 2.71973
-386 2.29468
-385 2.70752
-384 2.52979
-383 2.60498
-382 2.70874
-381 2.50806
-380 2.30127
-379 2.70386
-378 2.15259
-377 2.66357
-376 2.46313
-375 2.66504
-374 2.71777
-373 2.6626
-372 2.68677
-371 2.45386
-370 2.28149
-369 2.56567
-368 2.03809
-367 2.55151
-366 2.00537
-365 2.4812
-364 2.81689
-363 2.63379
-362 2.59497
-361 2.41748
-360 2.27173
-359 2.61841
-358 2.27954
-357 2.47656
-356 1.91064
-355 2.77368
-354 2.64355
-353 2.81885
-352 2.37036
-351 2.69531
-350 2.27563
-349 2.90137
-348 2.31787
-347 2.72437
-346 2.10522
-345 2.46704
-344 2.604
-343 2.84351
-342 2.43359
-341 2.75244
-340 2.47632
-339 2.86182
-338 2.52954
-337 2.62158
-336 2.50537
-335 2.6604
-334 2.56934
-333 3.09058
-332 2.65186
-331 2.65869
-330 2.40942
-329 2.77295
-328 2.39404
-327 2.70093
-326 2.32642
-325 2.79248
-324 2.3811
-323 2.81885
-322 3.01587
-321 2.58423
-320 2.26978
-319 2.78296
-318 2.48315
-317 2.38306
-316 1.91064
-315 2.80664
-314 2.07422
-313 2.86011
-312 2.87036
-311 2.56836
-310 2.48413
-309 3.02954
-308 2.33887
-307 2.57007
-306 2.021
-305 2.91504
-304 2.36133
-303 2.45264
-302 2.85449
-301 2.69214
-300 2.44287
-299 2.90137
-298 2.52124
-297 2.65894
-296 2.18433
-295 2.78784
-294 2.34155
-293 2.65015
-292 2.80054
-291 2.62549
-290 2.59253
-289 2.91455
-288 2.3772
-287 2.62158
-286 2.26318
-285 2.65088
-284 2.36646
-283 2.51025
-282 2.65186
-281 2.62866
-280 2.3938
-279 2.62817
-278 2.68213
-277 2.56543
-276 2.25269
-275 2.68872
-274 2.23267
-273 2.92603
-272 2.45264
-271 2.57153
-270 2.2854
-269 2.76318
-268 2.40259
-267 2.48608
-266 2.08423
-265 2.71704
-264 1.93066
-263 2.88892
-262 2.56006
-261 2.51123
-260 2.21851
-259 2.75317
-258 2.3645
-257 2.38794
-256 2.3894
-255 2.61328
-254 2.18311
-253 3.1687
-252 2.70264
-251 2.4729
-250 2.38184
-249 2.77295
-248 2.42383
-247 2.47192
-246 2.11572
-245 2.8584
-244 2.15845
-243 3.18921
-242 2.77222
-241 2.60645
-240 2.48218
-239 2.57886
-238 2.59741
-237 2.40186
-236 2.24731
-235 2.87256
-234 2.47021
-233 3.11108
-232 2.76587
-231 2.73975
-230 2.3938
-229 2.46387
-228 2.16528
-227 2.49072
-226 2.30518
-225 2.72632
-224 2.65356
-223 2.89307
-222 2.66138
-221 2.86353
-220 2.60425
-219 2.48022
-218 2.30933
-217 2.78979
-216 2.54199
-215 2.60376
-214 2.64355
-213 3.01245
-212 2.80054
-211 2.80786
-210 2.62012
-209 2.69067
-208 2.29663
-207 2.54199
-206 2.82104
-205 2.63672
-204 2.57422
-203 2.92603
-202 2.93994
-201 2.78735
-200 2.59839
-199 2.87817
-198 2.44067
-197 2.98608
-196 2.65796
-195 2.84424
-194 2.604
-193 3.01245
-192 2.9082
-191 2.86353
-190 2.55713
-189 3.03296
-188 2.65259
-187 2.83643
-186 2.74219
-185 2.86328
-184 2.63867
-183 3.02466
-182 3.0918
-181 3.00635
-180 2.83081
-179 2.80273
-178 2.67798
-177 3.00928
-176 2.6001
-175 2.8208
-174 2.85156
-173 3.30444
-172 3.03174
-171 2.87622
-170 2.68506
-169 3.02295
-168 2.70752
-167 2.78516
-166 2.64746
-165 2.65088
-164 2.95557
-163 3.15234
-162 3.08228
-161 2.97144
-160 2.88574
-159 3.05273
-158 2.8855
-157 2.9812
-156 2.74219
-155 2.81128
-154 2.66333
-153 3.18921
-152 3.25952
-151 2.98877
-150 2.85815
-149 3.07227
-148 2.63135
-147 2.80835
-146 2.85791
-145 2.90576
-144 2.66821
-143 3.03296
-142 3.1582
-141 3.14282
-140 2.75781
-139 2.94067
-138 2.89404
-137 2.89258
-136 2.55786
-135 3.03784
-134 2.63354
-133 3.1604
-132 3.29419
-131 3.14136
-130 2.67334
-129 3.02637
-128 2.8772
-127 2.92529
-126 2.76318
-125 3.36792
-124 2.98511
-123 3.92993
-122 4.30688
-121 4.25391
-120 3.86035
-119 3.88159
-118 3.96606
-117 3.97656
-116 3.50537
-115 3.8584
-114 3.44067
-113 4.32104
-112 4.20264
-111 4.70947
-110 4.40747
-109 3.86841
-108 3.3772
-107 2.71021
-106 1.74731
-105 1.8208
-104 1.26245
-103 1.93823
-102 1.87646
-101 2.09692
-100 2.42529
-99 3.30591
-98 3.52124
-97 3.43921
-96 3.27905
-95 3.57544
-94 3.93066
-93 4.48145
-92 4.38281
-91 4.646
-90 4.95068
-89 5.00317
-88 4.57617
-87 4.01392
-86 3.42627
-85 2.78784
-84 2.38623
-83 2.18921
-82 1.11084
-81 0.074707
-80 -0.204834
-79 0.361816
-78 0.631348
-77 1.18701
-76 1.63696
-75 2.08008
-74 2.60889
-73 3.42798
-72 3.47778
-71 4.46191
-70 5.41919
-69 5.83228
-68 5.38135
-67 5.84106
-66 5.58423
-65 5.77368
-64 5.06934
-63 5.23877
-62 4.16455
-61 3.02539
-60 1.54126
-59 1.125
-58 0.779541
-57 0.719727
-56 0.57373
-55 1.11792
-54 0.678223
-53 1.61719
-52 1.75
-51 2.573
-50 3.56104
-49 4.375
-48 4.50854
-47 5.18701
-46 5.26318
-45 5.52368
-44 4.94556
-43 5.22217
-42 4.96826
-41 3.84131
-40 2.62207
-39 1.99023
-38 1.44482
-37 1.18213
-36 0.321045
-35 0.00952148
-34 -0.811768
-33 -0.777832
-32 -1.31323
-31 -3.17456
-30 -6.45483
-29 -9.85864
-28 -13.0339
-27 -16.4626
-26 -20.7632
-25 -25.3679
-24 -30.9258
-23 -39.21
-22 -50.5474
-21 -75.1777
-20 -112.88
-19 -143.306
-18 -167.763
-17 -188.089
-16 -212.684
-15 -233.24
-14 -249.693
-13 -282.206
-12 -314.608
-11 -364.794
-10 -424.36
-9 -458.536
-8 -483.53
-7 -497.851
-6 -522.384
-5 -535.618
-4 -536.381
-3 -565.016
-2 -581.231
-1 -592.641
0 -600.567
1 -592.566
2 -588.703
3 -576.617
4 -577.389
5 -566.297
6 -542.446
7 -540.988
8 -523.516
9 -478.86
10 -425.768
11 -381.405
12 -355.894
13 -328.234
14 -311.368
15 -288.075
16 -261.168
17 -241.477
18 -215.734
19 -168.26
20 -121.063
21 -91
22 -75.2881
23 -60.9907
24 -50.3315
25 -38.3538
26 -29.4604
27 -17.7366
28 -9.6582
29 4.92065
30 15.8682
31 20.2368
32 20.5212
33 19.8645
34 19.7791
35 20.5566
36 17.2722
37 17.9795
38 11.6804
39 3.33008
40 -9.00977
41 -18.8521
42 -26.2205
43 -33.4861
44 -38.9473
45 -42.085
46 -46.3911
47 -50.5061
48 -57.1487
49 -62.6572
50 -66.0474
51 -65.6646
52 -64.9365
53 -64.4299
54 -62.7842
55 -59.4058
56 -55.802
57 -53.1975
58 -48.5222
59 -38.5889
60 -26.4626
61 -17.6348
62 -12.2288
63 -7.93457
64 -3.31055
65 1.37744
66 5.06445
67 9.50195
68 14.5095
69 21.9634
70 29.4548
71 33.4507
72 35.3855
73 36.8599
74 38.7263
75 40.7075
76 41.0247
77 42.8188
78 44.1455
79 45.3999
80 47.0847
81 47.1907
82 47.8687
83 47.5139
84 48.4053
85 49.4387
86 49.3665
87 51.1069
88 51.9114
89 53.554
90 57.2048
91 59.0295
92 61.178
93 61.9207
94 64.4211
95 66.7546
96 67.1633
97 70.8025
98 73.364
99 77.2793
100 82.7422
101 85.592
102 87.2458
103 88.4954
104 90.6526
105 92.3113
106 92.3862
107 95.2305
108 96.5032
109 97.938
110 99.1377
111 98.9277
112 97.9321
113 96.8457
114 96.9421
115 96.2122
116 93.2822
117 93.321
118 90.7437
119 83.7761
120 73.5728
121 63.6843
122 57.2754
123 50.7852
124 44.9211
125 39.7122
126 32.49
127 26.856
128 19.4082
129 6.76978
130 -6.05908
131 -13.1875
132 -16.5593
133 -18.4719
134 -21.4841
135 -22.9858
136 -23.4753
137 -24.4485
138 -24.519
139 -22.8967
140 -19.624
141 -15.592
142 -12.6992
143 -9.6355
144 -7.0105
145 -5.13672
146 -2.48999
147 1.46924
148 4.88281
149 10.8477
150 17.1772
151 21.4868
152 23.1907
153 24.9766
154 26.6736
155 27.6133
156 27.7375
157 29.7695
158 30.2119
159 30.1128
160 28.2539
161 26.0198
162 23.9321
163 22.4673
164 20.7422
165 18.7122
166 15.9456
167 14.9177
168 11.0381
169 5.89526
170 -1.10034
171 -4.99341
172 -8.32617
173 -9.99072
174 -12.321
175 -14.0471
176 -15.7375
177 -17.605
178 -19.845
179 -22.0698
180 -24.2402
181 -24.3979
182 -24.5295
183 -23.7756
184 -23.7317
185 -23.1133
186 -22.4653
187 -21.7036
188 -21.1108
189 -18.3999
190 -15.8857
191 -12.9441
192 -12.0254
193 -10.6448
194 -9.56323
195 -8.5188
196 -7.73755
197 -7.01636
198 -6.22144
199 -5.16992
200 -5.58667
201 -5.11523
202 -5.83887
203 -5.95801
204 -6.56836
205 -7.1084
206 -7.48999
207 -8.26758
208 -9.54419
209 -11.0254
210 -13.5906
211 -14.2598
212 -14.9365
213 -15.2571
214 -15.863
215 -15.9387
216 -16.0396
217 -16.1729
218 -16.3735
219 -15.8064
220 -15.3721
221 -13.6743
222 -12.8179
223 -11.729
224 -11.2053
225 -9.91992
226 -9.13867
227 -7.11938
228 -5.8418
229 -3.24756
230 0.190918
231 3.29272
232 4.50854
233 6.08423
234 7.30005
235 9.3208
236 9.48022
237 11.7859
238 13.2087
239 14.884
240 16.3523
241 17.4146
242 17.106
243 17.6216
244 17.1421
245 17.5754
246 16.2327
247 16.6296
248 15.9714
249 13.9207
250 11.4016
251 9.90137
252 7.86865
253 7.54199
254 5.83154
255 5.47632
256 3.96533
257 3.06592
258 1.83862
259 0.104736
260 -1.77173
261 -2.08228
262 -2.81348
263 -2.55151
264 -3.12109
265 -3.07544
266 -3.0791
267 -2.76538
268 -2.51587
269 -1.88892
270 -0.401611
271 1.29614
272 1.67798
273 2.81787
274 3.73682
275 4.79712
276 5.4209
277 6.95874
278 8.1582
279 10.0857
280 12.1201
281 14.0264
282 14.3347
283 14.9534
284 15.4053
285 16.1462
286 15.9753
287 17.5637
288 17.4587
289 17.5334
290 16.7913
291 16.4243
292 15.4705
293 15.3364
294 14.4368
295 14.3584
296 13.4209
297 13.4238
298 12.5601
299 11.1841
300 9.31494
301 8.23022
302 7.86011
303 7.50464
304 6.50537
305 6.52832
306 6.04956
307 6.28809
308 5.79736
309 5.24609
310 4.86035
311 4.97705
312 5.05078
313 5.27563
314 5.45801
315 5.64624
316 5.98999
317 6.35791
318 6.62036
319 7.23486
320 7.95679
321 8.49683
322 8.97046
323 9.45337
324 9.86304
325 10.0095
326 10.3811
327 10.8066
328 10.7532
329 10.9189
330 10.4055
331 10.342
332 9.91113
333 9.33643
334 9.1001
335 8.70752
336 8.64844
337 8.27148
338 7.76587
339 6.89526
340 5.17725
341 4.52295
342 4.22461
343 3.68701
344 3.33154
345 3.1084
346 2.59912
347 2.91357
348 2.52539
349 2.33813
350 1.79736
351 2.18091
352 2.18213
353 2.60278
354 2.5105
355 2.83496
356 2.70801
357 3.11938
358 3.56958
359 4.27783
360 4.62988
361 5.48022
362 5.86011
363 6.59814
364 6.67896
365 7.2688
366 7.16821
367 7.93823
368 7.90503
369 8.83813
370 8.77173
371 9.24683
372 8.83472
373 9.20093
374 8.86304
375 9.1604
376 8.75732
377 8.49805
378 8.23096
379 8.04614
380 6.69482
381 6.15454
382 5.20752
383 5.42065
384 4.91577
385 4.84912
386 4.21289
387 4.17285
388 3.43994
389 3.24609
390 2.23218
391 2.41772
392 1.98315
393 2.09814
394 2.30005
395 2.28296
396 1.98022
397 2.05347
398 2.31958
399 2.57617
400 2.55908
401 3.06909
402 3.39404
403 3.52808
404 3.95264
405 4.37744
406 4.58911
407 4.79004
408 5.21191
409 5.61279
410 6.12012
411 6.80933
412 6.90259
413 6.92993
414 7.31567
415 7.88208
416 7.33667
417 7.83545
418 7.82593
419 7.82861
420 7.46655
421 7.63159
422 6.91943
423 6.96265
424 6.51587
425 6.89624
426 6.33667
427 6.39502
428 5.88281
429 5.55396
430 5.04517
431 4.97046
432 4.55078
433 4.58887
434 4.09473
435 4.71704
436 4.51489
437 4.42383
438 4.27856
439 4.41431
440 4.33667
441 4.67773
442 4.3772
443 4.94849
444 4.50537
445 5.21216
446 5.21289
447 5.35791
448 5.74365
449 5.86353
450 6.23022
451 6.81567
452 6.3772
453 6.74292
454 6.61572
455 7.19336
456 7.15356
457 7.34155
458 7.59497
459 7.58569
460 7.53345
461 7.75
462 7.27954
463 7.28979
464 6.91577
465 7.18872
466 6.94556
467 7.14819
468 6.78491
469 6.41113
470 6.06299
471 5.73682
472 5.47876
473 5.20557
474 5.06836
475 5.65088
476 5.24756
477 5.12354
478 4.94946
479 4.99683
480 4.90747
481 4.8125
482 5.1228
483 5.0188
484 4.99463
485 5.54712
486 5.27734
487 5.4939
488 5.35132
489 5.61108
490 5.91333
491 6.01978
492 6.38135
493 6.26172
494 6.17358
495 6.84424
496 6.36133
497 6.55151
498 6.87964
499 7.13501
500 7.16138
501 7.20728
502 7.44067
503 7.3645
504 7.15796
505 7.198
506 6.98999
507 7.14404
508 7.2373
509 7.04614
510 6.48633
511 6.64478
512 6.14404
513 6.28979
514 6.11572
515 6.1792
516 5.86133
517 5.65845
518 5.76904
519 5.66357
520 4.99609
521 5.37183
522 5.09326
523 5.49536
524 5.41577
525 5.46704
526 5.04443
527 5.24683
528 5.23413
529 5.43481
530 5.18896
531 5.875
532 5.13989
533 5.89258
534 5.66846
535 6.03296
536 5.93555
537 5.90942
538 6.24365
539 6.34277
540 5.97827
541 6.48364
542 6.19922
543 6.59351
544 6.52637
545 6.75464
546 6.35156
547 6.86426
548 6.75952
549 6.71436
550 6.18311
551 6.53955
552 6.19067
553 6.3645
554 6.49463
555 6.22632
556 5.88623
557 6.18115
558 6.03809
559 5.75391
560 5.23413
561 5.65137
562 5.34741
563 5.24756
564 5.42627
565 5.3916
566 5.08911
567 5.60498
568 5.53174
569 5.39355
570 5.07275
571 5.71704
572 5.18213
573 5.37378
574 5.30005
575 5.94336
576 5.67822
577 5.81079
578 6.10449
579 5.79053
580 5.70483
581 6.03296
582 5.73315
583 6.20557
584 5.96313
585 6.1416
586 6.31177
587 6.61719
588 6.62354
589 6.35229
590 6.26367
591 6.41455
592 6.11011
593 6.49536
594 5.81055
595 6.22632
596 6.33179
597 6.22632
598 6.23413
599 6.18091
600 5.64185
601 5.54272
602 5.33887
603 5.96265
604 5.32642
605 5.4104
606 5.63867
607 5.72021
608 5.61719
609 5.6731
610 5.42114
611 5.50317
612 5
613 5.59351
614 5.49463
615 5.52368
616 5.46533
617 5.68311
618 6.00635
619 6.00488
620 5.9292
621 5.80591
622 5.5
623 5.729
624 6.17358
625 5.97632
626 5.85156
627 6.05762
628 6.37646
629 6.51587
630 6.30713
631 6.20068
632 6.14819
633 6.08887
634 6.5
635 6.1084
636 6.05933
637 6.26343
638 6.27222
639 6.5271
640 6.08667
641 6.16455
642 6.19067
643 5.80835
644 5.70532
645 6.16992
646 5.604
647 6.14819
648 5.66138
649 6.08423
650 5.64185
651 5.89136
652 5.82202
653 5.38306
654 5.3999
655 6.052
656 5.50488
657 5.91772
658 5.7627
659 6.23486
660 5.75781
661 5.875
662 5.84326
663 5.79907
664 5.8999
665 6.37744
666 5.802
667 6.1604
668 6.09814
669 6.53979
670 5.77368
671 6.28955
672 6.09741
673 6.10742
674 6.41064
675 6.65088
676 6.01978
677 6.43628
678 6.41772
679 6.69043
680 5.92529
681 6.19727
682 6.39819
683 6.38794
684 6.28418
685 6.63208
686 5.89111
687 6.63794
688 6.06958
689 6.19849
690 5.75586
691 6.1875
692 6.19067
693 5.76636
694 6.16846
695 6.21216
696 5.75244
697 6.27148
698 6.10767
699 6.04932
700 5.83276
701 6.05933
702 6.1145
703 5.85986
704 5.95264
705 6.25
706 5.95044
707 6.52271
708 6.39233
709 6.36035
710 6.14575
711 6.38818
712 6.21606
713 6.01392
714 6.08423
715 6.18408
716 6.33667
717 6.59668
718 6.56006
719 6.427
720 6.22437
721 6.59204
722 6.18652
723 5.98608
724 6.04199
725 6.40088
726 6.37134
727 6.86426
728 6.49048
729 6.26196
730 6.06104
731 6.43433
732 5.85596
733 5.84106
734 6
735 6.38672
736 6.06934
737 6.3374
738 6.19946
739 6.05078
740 5.77563
741 6.22046
742 5.84326
743 5.92065
744 6.23682
745 6.30664
746 5.98511
747 6.05762
748 6.24048
749 6.04126
750 6.17725
751 6.25317
752 6.18213
753 5.95337
754 6.36841
755 6.74048
756 6.01489
757 5.8396
758 6.48096
759 6.30957
760 6.12598
761 6.24023
762 6.4873
763 6.08423
764 6.25269
765 6.4812
766 5.87134
767 6.354
768 6.49048
769 6.19995
770 6.17114
771 6.41772
772 6.50854
773 6.1355
774 5.85791
775 6.54712
776 6.12378
777 6.31689
778 6.1582
779 6.13501
780 6.41528
781 6.38477
782 6.33887
783 6.05151
784 6.02637
785 6.03784
786 5.94067
787 6.35791
788 6.11719
789 6.15552
790 6.30518
791 6.34863
792 6.34741
793 6.14478
794 6.39478
795 6.08496
796 6.12378
797 6.46924
798 6.27856
799 6.33643
800 6.10425
801 6.27295
802 6.19922
803 6.17285
804 6.479
805 6.24048
806 6.14844
807 6.48145
808 6.28809
809 6.43018
810 5.72827
811 6.36523
812 6.33057
813 6.26636
814 6.32642
815 6.64624
816 5.93555
817 6.3291
818 6.38599
819 6.41431
820 5.80518
821 6.38477
822 6.39404
823 6.14478
824 6.41577
825 6.47632
826 5.53467
827 6.44434
828 6.08862
829 6.33813
830 5.75
831 6.51318
832 6.38989
833 6.3457
834 6.23682
835 6.41992
836 5.67334
837 6.3291
838 6.38916
839 6.3999
840 6.1123
841 6.67773
842 6.76685
843 6.38306
844 6.33154
845 6.49536
846 5.698
847 6.67896
848 6.38599
849 6.47778
850 6.16333
851 6.86841
852 6.36865
853 6.47192
854 6.28418
855 6.5
856 5.92578
857 6.93823
858 6.47461
859 6.60962
860 6.16724
861 6.71704
862 6.27124
863 6.37842
864 6.14209
865 6.552
866 5.84155
867 7.177
868 6.60449
869 6.53979
870 6.07275
871 6.57568
872 6.47046
873 6.19165
874 6.18945
875 6.70288
876 5.94556
877 6.88477
878 6.83862
879 6.52393
880 6.14771
881 6.40137
882 6.6355
883 5.99536
884 6.33154
885 6.71216
886 5.74756
887 6.92603
888 6.72144
889 6.43018
890 6.29321
891 6.49341
892 6.28394
893 5.98608
894 6.22095
895 6.91504
896 5.92578
897 6.53076
898 6.84814
899 6.38574
900 6.13965
901 6.55933
902 6.24585
903 6.17285
904 6.28418
905 6.8208
906 6.13867
907 6.84766
908 6.66455
909 6.30151
910 6.17529
911 6.70728
912 6.08472
913 6.20557
914 6.33154
915 6.58008
916 6.03955
917 6.51855
918 6.81958
919 6.29688
920 6.22437
921 6.60864
922 6.2627
923 6.25244
924 6.46851
925 6.1792
926 6.14844
927 6.73242
928 6.52856
929 6.41748
930 6.21655
931 6.54614
932 6.49146
933 6.14478
934 6.63159
935 6.43872
936 6.198
937 6.61719
938 6.56641
939 6.59204
940 6.30322
941 6.43091
942 6.41943
943 6.30835
944 6.37378
945 6.59424
946 6.10889
947 6.76953
948 6.56958
949 6.62866
950 6.3208
951 6.49341
952 6.28809
953 6.28027
954 6.18945
955 6.57544
956 6.42578
957 6.60083
958 6.57593
959 6.51904
960 6.20679
961 6.27637
962 6.20337
963 6.40186
964 6.02637
965 6.35376
966 6.19312
967 6.76538
968 6.8418
969 6.58423
970 6.39966
971 6.47046
972 5.98315
973 6.44849
974 6.25269
975 6.58496
976 6.27222
977 6.57202
978 6.86401
979 6.67139
980 6.42334
981 6.63818
982 6.18652
983 6.83179
984 6.32642
985 6.72168
986 6.07422
987 6.88892
988 6.49365
989 6.73169
990 6.31104
991 6.85522
992 6.23315
993 6.61694
994 6.30005
995 6.77832
996 6.11377
997 6.95483
998 6.45264
999 6.81274
1000 6.19873
1001 6.74683
1002 6.60181
1003 6.55151
1004 6.46313
1005 6.78296
1006 6.51978
1007 6.84766
1008 6.5791
1009 6.646
1010 6.55127
1011 6.68433
1012 6.49146
1013 6.21484
1014 6.44727
1015 6.87256
1016 6.66821
1017 6.76538
1018 6.94946
1019 6.7063
1020 6.54321
1021 6.33228
1022 6.77124
1023 6.28516
1024 6.34741
1025 6.98584
1026 6.72266
1027 6.78589
1028 7
1029 6.54443
1030 6.53735
1031 6.51978
1032 6.5
1033 6.28979
1034 6.36304
1035 7.19336
1036 6.56934
1037 6.75317
1038 6.82275
1039 6.4856
1040 6.40161
1041 6.64136
1042 6.52124
1043 6.51392
1044 6.3999
1045 6.95288
1046 6.41577
1047 6.46094
1048 6.83545
1049 6.49683
1050 6.44678
1051 6.79272
1052 6.32202
1053 6.38306
1054 6.51587
1055 6.77368
1056 6.36133
1057 6.38672
1058 6.89551
1059 6.50952
1060 6.28931
1061 6.57886
1062 6.6145
1063 6.21021
1064 6.77368
1065 6.50952
1066 6.10889
1067 6.74902
1068 6.94312
1069 6.63501
1070 6.33862
1071 6.75977
1072 6.50415
1073 6.23364
1074 6.57886
1075 6.63672
1076 6.48999
1077 6.6626
1078 6.73096
1079 6.73975
1080 6.1792
1081 6.72046
1082 6.61011
1083 6.33643
1084 6.44214
1085 6.68872
1086 6.35645
1087 6.93408
1088 6.69946
1089 6.66675
1090 6.09839
1091 6.83887
1092 6.45752
1093 6.10278
1094 6.36304
1095 6.68872
1096 6.4209
1097 6.58032
1098 6.60132
1099 6.38574
1100 6.21851
1101 6.67114
1102 6.58472
1103 6.03271
1104 6.42114
1105 6.60376
1106 5.95557
1107 6.74487
1108 6.66138
1109 6.36035
1110 6.43115
1111 6.45728
1112 6.79663
1113 5.80835
1114 6.47363
1115 6.65088
1116 6.03955
1117 6.70776
1118 6.4209
1119 6.49683
1120 6.18311
1121 6.39478
1122 6.61865
1123 6.06543
1124 6.27368
1125 6.57544
1126 6.08911
1127 6.87646
1128 6.35132
1129 6.64282
1130 6.02759
1131 6.63818
1132 6.35181
1133 5.771
1134 6.32104
1135 6.56128
1136 6.302
1137 6.55957
1138 6.35132
1139 6.54761
1140 6.07886
1141 6.69067
1142 6.17383
1143 5.92065
1144 6.28955
1145 6.43408
1146 6.14844
1147 6.48975
1148 6.15503
1149 6.43018
1150 6.26978
1151 6.52954
1152 6.07202
1153 5.96265
1154 6.21582
1155 6.31128
1156 6.01001
1157 6.45679
1158 6.21509
1159 6.37305
1160 6.19678
1161 6.27954
1162 6.13135
1163 6.11694
1164 5.87378
1165 6.06128
1166 5.82666
1167 6.53491
1168 6.14233
1169 6.27612
1170 6.06299
1171 6.21704
1172 5.84326
1173 5.91577
1174 5.92627
1175 6.25952
1176 6
1177 5.78198
1178 6.10767
1179 6.22705
1180 5.91333
1181 6.22046
1182 6.22876
1183 6.29907
1184 5.78955
1185 6.15088
1186 5.896
1187 6.10278
1188 6.12354
1189 6.22705
1190 5.81104
1191 6.15454
1192 6.02539
1193 6.01392
1194 5.58936
1195 6.12744
1196 5.84644
1197 6.13989
1198 6.40186
1199 6.10474
1200 6.01978
1201 6.11841
1202 6.01685
1203 5.91577
1204 5.5105
1205 5.75
1206 5.85156
1207 6.4856
1208 6.27856
1209 6.03662
1210 5.94287
1211 6.15796
1212 5.91943
1213 5.66821
1214 5.74219
1215 5.95752
1216 5.74268
1217 6.25098
1218 6.1582
1219 6.04614
1220 5.99414
1221 6.03955
1222 6.1228
1223 5.53735
1224 6.03687
1225 6.06592
1226 5.5
1227 6.20166
1228 5.96191
1229 6.07935
1230 5.64966
1231 6.07568
1232 6.09326
1233 5.38306
1234 5.76831
1235 6.16504
1236 5.24756
1237 6.00415
1238 6
1239 5.87939
1240 5.42725
1241 5.83545
1242 5.91113
1243 5.69165
1244 5.77368
1245 5.88208
1246 5.63354
1247 6.10693
1248 5.93042
1249 5.79517
1250 5.42529
1251 5.96387
1252 6.03394
1253 5.64478
1254 5.43677
1255 5.93408
1256 5.78223
1257 6.07397
1258 5.96509
1259 5.8999
1260 5.3877
1261 5.90796
1262 5.88135
1263 5.53735
1264 5.5
1265 5.93408
1266 5.63354
1267 6.21411
1268 5.89233
1269 5.76514
1270 5.50391
1271 5.96704
1272 5.59326
1273 5.31787
1274 5.55273
1275 6.16992
1276 5.40601
1277 6.1604
1278 5.78491
1279 5.72534
1280 5.47632
1281 5.60522
1282 5.63989
1283 5.44849
1284 5.3894
1285 6.20752
1286 5.18311
1287 6.19336
1288 5.72778
1289 5.81421
1290 5.41919
1291 5.75
1292 5.52954
1293 5.28979
1294 5.36304
1295 6
1296 5.70288
1297 5.66675
1298 5.80371
1299 5.81738
1300 5.38184
1301 5.67773
1302 5.5
1303 5.49072
1304 5.35254
1305 5.79712
1306 5.66333
1307 5.70361
1308 5.72461
1309 5.63965
1310 5.29736
1311 5.53296
1312 5.22461
1313 5.25244
1314 5.24219
1315 5.67456
1316 5.14355
1317 5.53076
1318 5.69629
1319 5.44922
1320 5.26587
1321 5.51636
1322 5.45752
1323 5.42529
1324 5.16846
1325 5.64624
1326 4.99512
1327 5.82715
1328 5.80371
1329 5.47461
1330 5.13379
1331 5.68433
1332 5.15674
1333 5.5
1334 5.16846
1335 5.64624
1336 4.74268
1337 5.6748
1338 5.88916
1339 5.62866
1340 5.26782
1341 5.48022
1342 5.47046
1343 5.54663
1344 5.26831
1345 5.52368
1346 4.698
1347 5.69556
1348 5.64868
1349 5.77295
1350 5.26782
1351 5.59863
1352 5.31348
1353 5.03735
1354 5.09473
1355 5.32544
1356 5.01001
1357 5.41553
1358 5.69946
1359 5.53809
1360 5.18896
1361 5.20386
1362 5.47461
1363 5.14478
1364 5.09473
1365 5.25952
1366 5.08911
1367 5.48975
1368 5.49683
1369 5.32544
1370 5.19873
1371 5.34863
1372 5.33057
1373 5.09814
1374 5.17358
1375 5.28784
1376 4.87134
1377 5.31689
1378 5.55688
1379 5.40796
1380 5.26782
1381 5.28955
1382 5.43652
1383 5.25244
1384 5.1001
1385 5.21216
1386 4.96045
1387 5.34155
1388 5.55371
1389 5.28882
1390 5.32275
1391 5.42114
1392 5.32202
1393 5.28027
1394 5.07373
1395 5.19336
1396 4.64844
1397 5.13159
1398 5.59497
1399 5.34766
1400 5.16528
1401 5.25659
1402 5.53394
1403 4.92529
1404 5.14746
1405 4.8916
1406 4.90088
1407 5.24292
1408 5.28809
1409 5.26196
1410 4.90356
1411 5.22705
1412 5.09741
1413 4.81299
1414 4.90527
1415 5.11328
1416 5.05933
1417 5.13989
1418 5.15186
1419 5.25391
1420 4.87988
1421 5.03296
1422 5.13135
1423 4.771
1424 4.90527
1425 5.37744
1426 4.896
1427 5.27979
1428 4.73096
1429 5.18896
1430 5.03931
1431 5.19727
1432 4.74585
1433 5.00928
1434 5.05786
1435 5.052
1436 4.75732
1437 5.19336
1438 4.58228
1439 5.21582
1440 5.00977
1441 4.96045
1442 4.75
1443 4.62622
1444 4.99463
1445 4.93408
1446 4.47534
1447 5.34985
1448 4.69312
1449 5.0874
1450 4.93896
1451 5.01636
1452 4.50854
1453 4.63086
1454 4.82104
1455 4.93408
1456 4.43066
1457 5.22632
1458 4.75952
1459 5.04932
1460 5.02368
1461 4.84863
1462 4.64404
1463 4.81299
1464 4.78955
1465 4.74536
1466 4.65845
1467 5.46509
1468 4.91138
1469 4.97607
1470 4.77954
1471 4.96387
1472 4.70337
1473 4.66821
1474 4.77368
1475 4.68408
1476 4.56934
1477 5.18921
1478 4.87354
1479 5.04761
1480 4.56299
1481 4.65454
1482 4.95752
1483 4.74292
1484 4.63696
1485 4.75464
1486 4.74756
1487 5.27148
1488 4.99048
1489 4.97461
1490 4.69092
1491 5.00317
1492 4.91113
1493 4.44849
1494 4.55273
1495 4.78784
1496 4.49512
1497 5.14404
1498 4.69312
1499 4.8999
1500 4.75391
1501 4.80933
1502 5.11865
1503 4.46729
1504 4.56836
1505 4.93872
1506 4.56934
1507 5.29639
1508 5.17725
1509 4.94116
1510 4.70068
1511 4.91455
1512 4.59741
1513 4.49536
1514 4.49463
1515 4.97632
1516 4.604
1517 5.11523
1518 5.28491
1519 4.89673
1520 4.83667
1521 4.77295
1522 4.95752
1523 4.38794
1524 4.56323
1525 4.6792
1526 4.65845
1527 5.13989
1528 5.25
1529 4.81909
1530 4.8208
1531 4.91772
1532 4.83887
1533 4.5
1534 4.55786
1535 4.4104
1536 4.64844
1537 5.01636
1538 4.94312
1539 4.72534
1540 4.6792
1541 4.75977
1542 4.68213
1543 4.44385
1544 4.28418
1545 4.698
1546 4.396
1547 5.22632
1548 4.69629
1549 4.65552
1550 4.73022
1551 5.11523
1552 4.45752
1553 4.67285
1554 4.42114
1555 4.89624
1556 4.19312
1557 5.20996
1558 4.66455
1559 4.71118
1560 4.61621
1561 4.72046
1562 4.81348
1563 4.79443
1564 4.64746
1565 4.63208
1566 3.97021
1567 5.07812
1568 4.47461
1569 4.57935
1570 4.43896
1571 4.80591
1572 4.50415
1573 4.67749
1574 4.52637
1575 4.68408
1576 4.14844
1577 4.74902
1578 4.5791
1579 4.60474
1580 4.37207
1581 4.49683
1582 4.61865
1583 4.69629
1584 4.6106
1585 4.53784
1586 3.98022
1587 4.76953
1588 4.30371
1589 4.4873
1590 4.34448
1591 4.76636
1592 4.55078
1593 4.35522
1594 4.3894
1595 4.65576
1596 4.13867
1597 4.50195
1598 4.64551
1599 4.49829
1600 4.38574
1601 4.70386
1602 4.7373
1603 4.12622
1604 4.21045
1605 4.65576
1606 4.36133
1607 4.43628
1608 4.5
1609 4.53174
1610 4.34644
1611 4.61523
1612 4.57617
1613 4.07471
1614 4.42627
1615 4.52832
1616 4.39111
1617 4.62134
1618 4.61084
1619 4.61279
1620 4.37207
1621 4.71704
1622 4.36865
1623 4.45801
1624 4.21045
1625 4.6604
1626 4.09912
1627 4.8147
1628 4.36401
1629 4.49365
1630 4.11035
1631 4.66113
1632 4.27539
1633 4.33643
1634 4.04199
1635 4.61328
1636 4.05444
1637 4.76123
1638 4.36401
1639 4.37305
1640 4.18701
1641 4.47046
1642 4.43213
1643 4.36914
1644 4.12109
1645 4.71704
1646 4.1189
1647 4.95874
1648 4.52539
1649 4.45557
1650 4.18701
1651 4.34204
1652 4.39404
1653 4.25244
1654 4.12622
1655 4.46704
1656 3.8811
1657 4.83545
1658 4.87646
1659 4.61914
1660 4.38965
1661 4.37183
1662 4.27954
1663 4.18213
1664 4.36841
1665 4.5188
1666 3.8811
1667 4.67896
1668 4.79126
1669 4.51587
1670 4.07471
1671 4.61182
1672 4.07202
1673 4.31299
1674 3.91064
1675 4.52832
1676 3.72778
1677 4.62134
1678 4.65186
1679 4.47925
1680 3.94092
1681 4.63159
1682 4.1228
1683 4.37378
1684 3.94214
1685 4.3584
1686 3.83667
1687 4.56372
1688 4.32275
1689 4.39526
1690 3.90161
1691 4.66113
1692 3.97876
1693 4.40649
1694 4.27905
1695 4.37256
1696 3.896
1697 4.37036
1698 4.22778
1699 4.44287
1700 4.07666
1701 4.39136
1702 4.05078
1703 4.271
1704 4.25269
1705 4.48584
1706 3.76245
1707 4.6748
1708 4.26904
1709 4.3667
1710 4.13184
1711 4.33228
1712 4.1272
1713 4.18213
1714 4.26318
1715 4.15088
1716 3.70288
1717 4.39087
1718 4.33545
1719 4.29834
1720 4.02563
1721 4.29932
1722 4.31787
1723 4.13086
1724 4.0105
1725 3.99048
1726 3.74268
1727 4.41162
1728 4.27856
1729 4.18408
1730 3.93896
1731 4.33228
1732 4.05518
1733 3.89722
1734 3.91064
1735 3.63672
1736 3.97534
1737 4.04126
1738 4.16455
1739 4.02856
1740 3.80713
1741 4.05273
1742 3.94922
1743 3.92065
1744 3.87378
1745 4.00952
1746 3.63354
1747 4.1853
1748 4.07593
1749 3.94604
1750 3.77173
1751 4.28613
1752 3.63989
1753 3.70093
1754 4.08936
1755 4.12256
1756 3.56934
1757 3.91357
1758 4.01587
1759 4.1001
1760 3.58081
1761 4.07568
1762 3.67383
1763 3.80371
1764 3.63696
1765 4.06592
1766 3.86646
1767 4.3291
1768 4.31641
1769 3.99365
1770 3.70264
1771 4.07227
1772 3.72876
1773 3.65894
1774 3.47363
1775 4.08496
1776 3.75732
1777 4.1853
1778 4.3291
1779 3.96655
1780 3.77173
1781 3.92114
1782 3.89404
1783 3.65894
1784 3.38428
1785 4.1084
1786 3.77734
1787 4.3457
1788 4.10132
1789 3.90161
1790 3.85229
1791 3.91772
1792 3.63989
1793 3.47192
1794 3.36304
1795 3.96704
1796 3.698
1797 4.23047
1798 3.95874
1799 3.89673
1800 3.80127
1801 3.85864
1802 3.95752
1803 3.41577
1804 3.86841
1805 3.8396
1806 3.55933
1807 4.22217
1808 4.02856
1809 3.71582
1810 3.79126
1811 3.95728
1812 3.6228
1813 3.24756
1814 3.63159
1815 3.72168
1816 3.56934
1817 3.9917
1818 3.99365
1819 3.82227
1820 3.61816
1821 3.73364
1822 3.55933
1823 3.44385
1824 3.58423
1825 3.74536
1826 3.41577
1827 4.02466
1828 3.95874
1829 3.80786
1830 3.47632
1831 3.65137
1832 3.43652
1833 3.57935
1834 3.25781
1835 4.00464
1836 3.30688
1837 3.9917
1838 3.81958
1839 3.8269
1840 3.3208
1841 3.74023
1842 3.50415
1843 3.78027
1844 3.67358
1845 3.92456
1846 3.17334
1847 4.04126
1848 3.75317
1849 3.90625
1850 3.23022
1851 3.99341
1852 3.6355
1853 3.91113
1854 3.6001
1855 3.89624
1856 3.23755
1857 3.92188
1858 3.62354
1859 3.8667
1860 3.40356
1861 3.64136
1862 3.50415
1863 3.64014
1864 3.88428
1865 3.25464
1866 3.24268
1867 4.07007
1868 3.48413
1869 3.75391
1870 3.55713
1871 3.84204
1872 3.47046
1873 3.48608
1874 3.68945
1875 3.5896
1876 3.08911
1877 3.82715
1878 3.34814
1879 3.76196
1880 3.52954
1881 3.88159
1882 3.6228
1883 3.46729
1884 3.43677
1885 3.5
1886 2.95044
1887 3.79834
1888 3.47144
1889 3.53491
1890 3.59058
1891 4.00659
1892 3.64404
1893 3.47192
1894 3.63696
1895 3.4104
1896 3.05444
1897 3.38281
1898 3.93359
1899 3.38721
1900 3.61035
1901 3.73022
1902 3.53394
1903 3.48608
1904 3.4895
1905 3.72168
1906 3.198
1907 3.51025
1908 3.81323
1909 3.40308
1910 3.61621
1911 3.80591
1912 3.5127
1913 3.41577
1914 3.54199
1915 3.86328
1916 3.23267
1917 3.43628
1918 3.74365
1919 3.70166
1920 3.61035
1921 3.59546
1922 3.78394
1923 3.25244
1924 3.3894
1925 3.84912
1926 3.51489
1927 3.80664
1928 3.61719
1929 3.56982
1930 3.62988
1931 3.71704
1932 3.30078
1933 3.16821
1934 3.36841
1935 3.66992
1936 3.41577
1937 3.65015
1938 3.61719
1939 3.51123
1940 3.49609
1941 3.82227
1942 3.52954
1943 3.12158
1944 3.21045
1945 3.49048
1946 3.28711
1947 3.81079
1948 3.62354
1949 3.39038
1950 3.62988
1951 4.09863
1952 3.59326
1953 3.30835
1954 3.37378
1955 3.53296
1956 3.11377
1957 3.63794
1958 3.52539
1959 3.60474
1960 3.4292
1961 3.86841
1962 3.67798
1963 3.12622
1964 2.97363
1965 3.77368
1966 3.25732
1967 3.96704
1968 3.46509
1969 3.42212
1970 3.33667
1971 3.88818
1972 3.41113
1973 2.97656
1974 2.86841
1975 3.61328
1976 3.47021
1977 3.77368
1978 3.3418
1979 3.54443
1980 3.28149
1981 3.66772
1982 3.47876
1983 2.89258
1984 3.04736
1985 3.36328
1986 3.02466
1987 3.6626
1988 3.35449
1989 3.57471
1990 3.31885
1991 3.75317
1992 3.4873
1993 2.88794
1994 3.09473
1995 3.3584
1996 2.77734
1997 3.71606
1998 3.43994
1999 3.67139
2000 3.37012
2001 3.46387
2002 3.55933
2003 3.20093
2004 3.04199
2005 3.24536
2006 2.82666
2007 3.76123
2008 3.40186
2009 3.55396
2010 3.31689
2011 3.64136
2012 3.5
2013 3.18701
2014 2.86841
2015 3.41504
2016 2.85645
2017 3.58447
2018 3.40503
2019 3.58252
2020 3.15942
2021 3.36523
2022 3.36011
2023 3.36914
2024 3.09473
2025 3.4292
2026 3.03955
2027 3.81079
2028 3.36084
2029 3.54443
2030 3.04321
2031 3.20386
2032 3.31348
2033 3.28516
2034 3.25781
2035 3.33008
2036 3.16333
2037 3.70776
2038 3.29419
2039 3.41113
2040 2.86816
2041 3.19409
2042 3.2627
2043 3.28979
2044 3.22095
2045 3.1792
2046 2.85156
2047 3.66675
2048 3.31323
2049 3.50317
2050 3.04517
2051 3.4375
2052 3.33887
2053 3.12158
2054 3.06836
2055 3.09424
2056 2.91089
2057 3.55151
2058 3.49683
2059 3.53345
2060 3.03149
2061 3.34546
2062 3.16113
2063 3.03735
2064 3.17896
2065 3.10376
2066 2.99512
2067 3.72852
2068 3.65503
2069 3.53662
2070 3.12793
2071 3.37817
2072 3.14404
2073 3.23828
2074 3.18433
2075 3.12256
2076 3.09399
2077 3.60083
2078 3.77539
2079 3.53662
2080 3.24219
2081 3.31567
2082 3.18652
2083 3.20093
2084 2.84741
2085 3.20752
2086 3.05933
2087 3.76953
2088 3.3418
2089 3.45703
2090 3.26587
2091 3.48364
2092 3.25854
2093 3.17749
2094 2.86304
2095 3.17456
2096 3.34155
2097 3.52271
2098 3.38916
2099 3.39355
2100 3.3938
2101 3.54614
2102 3.20752
2103 3.04199
2104 2.97363
2105 3.29248
2106 3.24756
2107 3.71191
2108 3.2373
2109 3.17773
2110 3.22241
2111 3.52295
2112 3.2373
2113 2.79443
2114 2.82104
2115 3.24048
2116 3.35645
2117 3.68311
2118 3.33862
2119 3.21436
2120 3.01782
2121 3.50317
2122 3.54248
2123 3
2124 2.71582
2125 3.46216
2126 3.06934
2127 3.84766
2128 3.10132
2129 3.25073
2130 3.14771
2131 3.50317
2132 3.46191
2133 3.13086
2134 2.95264
2135 3.86328
2136 2.8811
2137 3.60498
2138 3.16772
2139 3.28101
2140 3.06689
2141 3.28955
2142 3.38989
2143 3.05151
2144 2.85791
2145 3.41504
2146 2.84644
2147 3.65845
2148 3.10449
2149 3.33813
2150 2.83862
2151 3.34546
2152 3.06787
2153 2.92529
2154 3.13159
2155 3.38208
2156 2.95557
2157 3.61719
2158 3.21509
2159 3.21436
2160 2.81885
2161 3.1875
2162 2.90259
2163 2.94849
2164 3.21582
2165 2.9812
2166 2.98999
2167 3.63379
2168 3.05054
2169 3.20947
2170 3.05127
2171 3.19067
2172 3.01685
2173 2.96729
2174 3.35791
2175 3.1084
2176 2.85156
2177 3.23047
2178 2.98096
2179 3.14917
2180 3.04321
2181 3.00659
2182 2.78809
2183 2.84106
2184 3.22095
2185 3.02368
2186 2.68823
2187 3.44043
2188 2.85767
2189 2.95874
2190 2.76978
2191 3.33887
2192 2.99585
2193 2.8457
2194 2.85791
2195 3
2196 2.56445
2197 3.11523
2198 2.87964
2199 3.05396
2200 2.72437
2201 3.18091
2202 2.96606
2203 2.69165
2204 2.62109
2205 3.29248
2206 2.39111
2207 3.44849
2208 3.02539
2209 2.95703
2210 2.60815
2211 3.16772
2212 2.76685
2213 2.76172
2214 2.56323
2215 3.37256
2216 2.48022
2217 3.17285
2218 2.94946
2219 2.96021
2220 2.81104
2221 2.86841
2222 2.45337
2223 3.03735
2224 2.60522
2225 3.38672
2226 2.36646
2227 3.1604
2228 3.06006
2229 2.96191
2230 2.83862
2231 3.0625
2232 2.45752
2233 2.82251
2234 2.59473
2235 2.97632
2236 2.21777
2237 3.22632
2238 3.15503
2239 3.0271
2240 2.6792
2241 2.84546
2242 2.80078
2243 2.66357
2244 2.69482
2245 2.88672
2246 2.46533
2247 3.1687
2248 3.24683
2249 3.0271
2250 2.62012
2251 2.82886
2252 2.64404
2253 2.79443
2254 2.58936
2255 3.12256
2256 2.44556
2257 2.83545
2258 3.22778
2259 3.17627
2260 2.74219
2261 2.625
2262 2.92383
2263 2.51392
2264 2.62109
2265 2.71704
2266 2.26245
2267 3.22632
2268 3.04419
2269 3.08569
2270 2.83276
2271 2.98364
2272 2.83057
2273 2.51392
2274 2.63159
2275 2.75464
2276 2.18311
2277 3.13159
2278 3.23096
2279 3.07788
2280 2.66528
2281 2.75977
2282 2.88989
2283 2.40649
2284 2.53149
2285 2.85376
2286 2.47534
2287 3.23047
2288 3.31958
2289 2.92529
2290 2.54932
2291 2.88477
2292 2.72046
2293 2.4812
2294 2.75269
2295 3.34912
2296 2.52466
2297 3.09058
2298 3.28174
2299 2.86499
2300 2.57666
2301 2.74023
2302 2.3728
2303 2.40186
2304 2.73169
2305 3.0708
2306 2.30688
2307 3.20996
2308 2.97144
2309 2.88257
2310 2.60425
2311 2.93433
2312 2.15259
2313 2.58423
2314 2.87378
2315 3.21704
2316 2.36133
2317 3.10278
2318 2.71191
2319 3
2320 2.50977
2321 2.94409
2322 2.41943
2323 2.61206
2324 2.85791
2325 2.9292
2326 2.46045
2327 3.28809
2328 2.62964
2329 3.03345
2330 2.47827
2331 3.20728
2332 2.66113
2333 2.75708
2334 2.82104
2335 2.93872
2336 2.03955
2337 3.18921
2338 2.73413
2339 2.9873
2340 2.57275
2341 2.72363
2342 2.52539
2343 2.85059
2344 2.81567
2345 2.71216
2346 1.81689
2347 3.24683
2348 2.86401
2349 2.89844
2350 2.6062
2351 3.05933
2352 2.66113
2353 2.89258
2354 2.95801
2355 2.74536
2356 2.35156
2357 3.07007
2358 2.8418
2359 2.77783
2360 2.60425
2361 2.96045
2362 2.94482
2363 2.89722
2364 2.6106
2365 2.84912
2366 2.35645
2367 3.19336
2368 2.59814
2369 2.63501
2370 2.48633
2371 3.00659
2372 2.78394
2373 2.75244
2374 2.47363
2375 2.88208
2376 2.42578
2377 2.68726
2378 2.91455
2379 2.80151
2380 2.71069
2381 3.14478
2382 2.96606
2383 2.95337
2384 2.71045
2385 3.12256
2386 2.41089
2387 2.88477
2388 2.81641
2389 2.85547
2390 2.99219
2391 3.25659
2392 2.85596
2393 2.82715
2394 2.43677
2395 3.052
2396 2.40601
2397 2.95874
2398 3.06006
2399 3.04126
2400 2.92529
2401 3.13477
2402 2.97046
2403 2.8457
2404 2.43677
2405 3.11792
2406 2.34155
2407 3.09888
2408 2.96191
2409 2.88892
2410 2.63965
2411 3.07568
2412 3.1145
2413 2.50928
2414 2.36841
2415 3.12744
2416 2.22778
2417 2.86011
2418 3.10132
2419 2.94434
2420 2.71851
2421 2.79272
2422 2.83887
2423 2.61694
2424 2.78955
2425 2.93872
2426 1.97534
2427 2.98364
2428 2.87646
2429 2.83813
2430 2.73413
2431 2.69727
2432 2.36011
2433 2.66821
2434 2.66309
2435 2.66992
2436 2.25244
2437 2.77368
2438 2.89551
2439 2.74438
2440 2.73633
2441 2.54614
2442 2.72461
2443 2.80371
2444 2.49463
2445 2.55664
2446 2.32666
2447 2.8147
2448 2.98096
2449 2.93799
2450 2.75
2451 2.73022
2452 2.66113
2453 2.61206
2454 2.36841
2455 2.73584
2456 2.44067
2457 2.44849
2458 2.90186
2459 2.69678
2460 2.6123
2461 2.73364
2462 3.07617
2463 2.37378
2464 2.41577
2465 2.77832
2466 2.10889
2467 2.62964
2468 2.87354
2469 2.61743
2470 2.50977
2471 2.81909
2472 2.85181
2473 2.40186
2474 2.58936
2475 3.00952
2476 2.10889
2477 2.60083
2478 2.74365
2479 2.6333
2480 2.35425
2481 2.51636
2482 2.7627
2483 2.66357
2484 2.51587
2485 2.95288
2486 2.13354
2487 3.36206
2488 2.9209
2489 2.95386
2490 2.21851
2491 1.93433
2492 1.47046
2493 1.09351
2494 0.541992
2495 0.79248
2496 0.202881
2497 0.645996
2498 0.348145
2499 -0.0634766
2500 -0.240234
2501 0.371826
2502 0.313477
2503 0.513916
2504 0.694824
2505 0.886719
2506 0.485107
2507 1.59668
2508 1.37354
2509 1.31421
2510 1.36035
2511 2.23364
2512 1.99146
2513 1.98608
2514 2.28955
2515 2.82544
2516 2.46045
2517 3.25928
2518 3.23096
2519 3.46973
2520 4.30518
2521 5.96387
2522 6.17798
2523 6.99536
2524 8.21045
2525 8.49536
2526 8.79712
2527 9.5144
2528 9.78491
2529 10.8196
2530 10.594
2531 10.5535
2532 10.2837
2533 10.8318
2534 10.0688
2535 10.6667
2536 10.9607
2537 11.3901
2538 10.6296
*
